[38;5;7;48;5;0m [38;5;7;48;5;0m [38;5;92;48;5;0m.[38;5;56;48;5;0m`[38;5;7;48;5;0m [38;5;7;48;5;0m [38;5;56;48;5;0m.[38;5;7;48;5;0m [38;5;92;48;5;0m.[38;5;7;48;5;0m [38;5;7;48;5;0m [38;5;7;48;5;0m [38;5;7;48;5;0m [38;5;7;48;5;0m [38;5;7;48;5;0m [38;5;7;48;5;0m [38;5;7;48;5;0m [38;5;7;48;5;0m [38;5;7;48;5;0m [38;5;7;48;5;0m [38;5;7;48;5;0m [38;5;7;48;5;0m [38;5;7;48;5;0m [38;5;7;48;5;0m [38;5;7;48;5;0m [38;5;7;48;5;0m [38;5;7;48;5;0m [38;5;7;48;5;0m [38;5;7;48;5;0m [38;5;7;48;5;0m [38;5;7;48;5;0m [38;5;7;48;5;0m [38;5;7;48;5;0m [38;5;7;48;5;0m [38;5;7;48;5;0m [38;5;7;48;5;0m [38;5;7;48;5;0m [38;5;39;48;5;0m.[38;5;38;48;5;0m.[38;5;7;48;5;0m [38;5;7;48;5;0m [38;5;7;48;5;0m [38;5;7;48;5;0m [38;5;7;48;5;0m [38;5;7;48;5;0m 
[38;5;97;48;5;0m.[38;5;128;48;5;0m:[38;5;7;48;5;0m [38;5;37;48;5;0m`[38;5;68;48;5;0m [38;5;105;48;5;0m▄[38;5;7;48;5;0m [38;5;92;48;5;0m`[38;5;128;48;5;0m░[38;5;7;48;5;0m [38;5;7;48;5;0m [38;5;7;48;5;0m [38;5;147;48;5;0m.[38;5;183;48;5;0m.[38;5;7;48;5;0m [38;5;108;48;5;0m▄[38;5;108;48;5;0m▄[38;5;243;48;5;0m▄[38;5;243;48;5;0m▄[38;5;243;48;5;0m▄[38;5;243;48;5;0m▄[38;5;243;48;5;0m▄[38;5;243;48;5;0m▄[38;5;243;48;5;0m▄[38;5;243;48;5;0m▄[38;5;243;48;5;0m▄[38;5;243;48;5;0m▄[38;5;243;48;5;0m▄[38;5;243;48;5;0m▄[38;5;7;48;5;0m [38;5;219;48;5;0m.[38;5;183;48;5;0m.[38;5;7;48;5;0m [38;5;147;48;5;0m.[38;5;111;48;5;0m.[38;5;75;48;5;0m`[38;5;7;48;5;0m [38;5;7;48;5;0m [38;5;7;48;5;0m [38;5;7;48;5;0m.[38;5;37;48;5;0m`[38;5;37;48;5;0m`[38;5;7;48;5;0m [38;5;7;48;5;0m [38;5;7;48;5;0m 
[38;5;7;48;5;0m [38;5;164;48;5;0m`[38;5;7;48;5;0m [38;5;141;48;5;0m▄[38;5;105;48;5;0m█[38;5;111;48;5;0m█[38;5;111;48;5;0m█[38;5;105;48;5;0m▄[38;5;7;48;5;0m [38;5;7;48;5;0m [38;5;75;48;5;0m`[38;5;75;48;5;0m.[38;5;111;48;5;0m:[38;5;7;48;5;0m [38;5;188;48;5;0m [38;5;243;48;5;0m█[38;5;243;48;5;0m█[38;5;243;48;5;0m▀[38;5;243;48;5;0m▀[38;5;243;48;5;0m▀[38;5;243;48;5;0m▀[38;5;243;48;5;0m▀[38;5;243;48;5;0m▀[38;5;243;48;5;0m▀[38;5;243;48;5;0m▀[38;5;243;48;5;0m▀[38;5;243;48;5;0m▀[38;5;243;48;5;0m█[38;5;243;48;5;0m▓[38;5;7;48;5;0m [38;5;183;48;5;0m`[38;5;111;48;5;0m [38;5;31;48;5;0m [38;5;31;48;5;0m [38;5;105;48;5;0m [38;5;105;48;5;0m▄[38;5;105;48;5;0m█[38;5;111;48;5;0m█[38;5;111;48;5;0m█[38;5;105;48;5;0m█[38;5;105;48;5;0m▄[38;5;105;48;5;0m [38;5;7;48;5;0m [38;5;56;48;5;0m:[38;5;7;48;5;0m 
[38;5;7;48;5;0m [38;5;105;48;5;0m▄[38;5;105;48;5;0m█[38;5;105;48;5;0m▓[38;5;105;48;5;0m▀[38;5;105;48;5;0m█[38;5;111;48;5;0m█[38;5;105;48;5;0m█[38;5;105;48;5;0m█[38;5;105;48;5;0m▄[38;5;105;48;5;0m [38;5;75;48;5;0m [38;5;75;48;5;0m`[38;5;7;48;5;0m [38;5;7;48;5;0m [38;5;243;48;5;0m▓[38;5;243;48;5;0m█[38;5;7;48;5;0m [38;5;41;48;5;0ms[38;5;41;48;5;0mh[38;5;41;48;5;0m#[38;5;41;48;5;0m [38;5;41;48;5;0mc[38;5;41;48;5;0ma[38;5;41;48;5;0mt[38;5;41;48;5;0m_[38;5;188;48;5;0m [38;5;243;48;5;0m█[38;5;243;48;5;0m▒[38;5;7;48;5;0m [38;5;69;48;5;0m [38;5;31;48;5;0m [38;5;31;48;5;0m [38;5;105;48;5;0m▄[38;5;105;48;5;0m█[38;5;105;48;5;0m█[38;5;105;48;5;0m█[38;5;105;48;5;0m█[38;5;105;48;5;0m█[38;5;105;48;5;0m▀[38;5;105;48;5;0m░[38;5;105;48;5;0m▓[38;5;105;48;5;0m [38;5;92;48;5;0m.[38;5;7;48;5;0m 
[38;5;105;48;5;0m█[38;5;105;48;5;0m▀[38;5;141;48;5;0m▌[38;5;105;48;5;0m▒[38;5;69;48;5;0m [38;5;69;48;5;0m [38;5;105;48;5;0m█[38;5;105;48;5;0m [38;5;105;48;5;0m▀[38;5;69;48;5;0m█[38;5;69;48;5;0m█[38;5;68;48;5;0m▄[38;5;68;48;5;0m [38;5;7;48;5;0m [38;5;105;48;5;0m [38;5;105;48;5;0m▄[38;5;105;48;5;0m▄[38;5;105;48;5;0m▄[38;5;105;48;5;0m▄[38;5;105;48;5;0m▄[38;5;105;48;5;0m▄[38;5;105;48;5;0m [38;5;68;48;5;0m [38;5;105;48;5;0m [38;5;105;48;5;0m▄[38;5;105;48;5;0m▄[38;5;68;48;5;0m▄[38;5;188;48;5;0m [38;5;188;48;5;0m [38;5;188;48;5;0m [38;5;68;48;5;0m [38;5;105;48;5;0m░[38;5;69;48;5;0m█[38;5;105;48;5;0m█[38;5;105;48;5;0m█[38;5;105;48;5;0m▀[38;5;105;48;5;0m [38;5;105;48;5;0m█[38;5;105;48;5;0m [38;5;105;48;5;0m [38;5;69;48;5;0m [38;5;105;48;5;0m▒[38;5;105;48;5;0m [38;5;56;48;5;0m [38;5;7;48;5;0m 
[38;5;105;48;5;0m▀[38;5;105;48;5;0m▄[38;5;105;48;5;0m▌[38;5;69;48;5;0m░[38;5;69;48;5;0m [38;5;69;48;5;0m [38;5;69;48;5;0m█[38;5;69;48;5;0m [38;5;23;48;5;0m.[38;5;68;48;5;0m [38;5;69;48;5;0m▀[38;5;68;48;5;0m█[38;5;68;48;5;0m█[38;5;68;48;5;0m▄[38;5;7;48;5;0m [38;5;188;48;5;0m [38;5;105;48;5;0m▀[38;5;105;48;5;0m█[38;5;69;48;5;0m▓[38;5;69;48;5;0m▓[38;5;69;48;5;0m█[38;5;105;48;5;0m▌[38;5;7;48;5;0m [38;5;105;48;5;0m [38;5;105;48;5;0m▐[38;5;105;48;5;0m█[38;5;105;48;5;0m█[38;5;105;48;5;0m█[38;5;105;48;5;0m░[38;5;188;48;5;0m [38;5;69;48;5;0m [38;5;69;48;5;0m▐[38;5;69;48;5;0m▓[38;5;69;48;5;0m█[38;5;69;48;5;0m▌[38;5;63;48;5;0m [38;5;63;48;5;0m [38;5;69;48;5;0m█[38;5;69;48;5;0m░[38;5;69;48;5;0m░[38;5;69;48;5;0m░[38;5;69;48;5;0m▓[38;5;68;48;5;0m [38;5;128;48;5;0m`[38;5;7;48;5;0m 
[38;5;7;48;5;0m [38;5;38;48;5;0m`[38;5;105;48;5;0m▌[38;5;69;48;5;0m▒[38;5;69;48;5;0m [38;5;69;48;5;0m [38;5;69;48;5;0m█[38;5;69;48;5;0m▄[38;5;69;48;5;0m [38;5;23;48;5;0m;[38;5;7;48;5;0m [38;5;68;48;5;0m▐[38;5;68;48;5;0m▓[38;5;68;48;5;0m▀[38;5;68;48;5;0m▓[38;5;7;48;5;0m [38;5;69;48;5;0m [38;5;69;48;5;0m█[38;5;69;48;5;0m▒[38;5;69;48;5;0m▒[38;5;69;48;5;0m█[38;5;69;48;5;0m [38;5;69;48;5;0m [38;5;69;48;5;0m;[38;5;69;48;5;0m█[38;5;69;48;5;0m▀[38;5;69;48;5;0m▒[38;5;69;48;5;0m█[38;5;69;48;5;0m▒[38;5;188;48;5;0m [38;5;69;48;5;0m [38;5;69;48;5;0m█[38;5;69;48;5;0m [38;5;69;48;5;0m█[38;5;69;48;5;0m [38;5;68;48;5;0m [38;5;69;48;5;0m▐[38;5;69;48;5;0m█[38;5;69;48;5;0m▒[38;5;69;48;5;0m▒[38;5;69;48;5;0m▒[38;5;69;48;5;0m█[38;5;7;48;5;0m [38;5;164;48;5;0m.[38;5;7;48;5;0m 
[38;5;38;48;5;0m.[38;5;7;48;5;0m [38;5;105;48;5;0m▌[38;5;69;48;5;0m▓[38;5;69;48;5;0m░[38;5;69;48;5;0m░[38;5;69;48;5;0m█[38;5;23;48;5;0m [38;5;69;48;5;0m▀[38;5;68;48;5;0m▄[38;5;68;48;5;0m [38;5;7;48;5;0m [38;5;68;48;5;0m█[38;5;68;48;5;0m [38;5;68;48;5;0m [38;5;32;48;5;0m▌[38;5;68;48;5;0m [38;5;68;48;5;0m█[38;5;69;48;5;0m [38;5;69;48;5;0m▐[38;5;69;48;5;0m▓[38;5;69;48;5;0m [38;5;69;48;5;0m [38;5;68;48;5;0m▐[38;5;68;48;5;0m▓[38;5;68;48;5;0m [38;5;68;48;5;0m [38;5;68;48;5;0m█[38;5;68;48;5;0m▓[38;5;32;48;5;0m:[38;5;69;48;5;0m▐[38;5;69;48;5;0m▒[38;5;69;48;5;0m▒[38;5;69;48;5;0m█[38;5;69;48;5;0m [38;5;69;48;5;0m▄[38;5;69;48;5;0m█[38;5;69;48;5;0m▓[38;5;69;48;5;0m▓[38;5;69;48;5;0m▓[38;5;69;48;5;0m█[38;5;188;48;5;0m [38;5;68;48;5;0m [38;5;200;48;5;0m.[38;5;7;48;5;0m 
[38;5;7;48;5;0m [38;5;7;48;5;0m [38;5;69;48;5;0m▌[38;5;69;48;5;0m█[38;5;69;48;5;0m▒[38;5;69;48;5;0m▒[38;5;69;48;5;0m█[38;5;23;48;5;0m [38;5;32;48;5;0m▄[38;5;32;48;5;0m▀[38;5;32;48;5;0m [38;5;68;48;5;0m▄[38;5;68;48;5;0m▓[38;5;68;48;5;0m░[38;5;68;48;5;0m░[38;5;32;48;5;0m█[38;5;7;48;5;0m [38;5;32;48;5;0m▐[38;5;32;48;5;0m▄[38;5;68;48;5;0m▒[38;5;32;48;5;0m█[38;5;32;48;5;0m█[38;5;32;48;5;0m█[38;5;32;48;5;0m█[38;5;32;48;5;0m░[38;5;68;48;5;0m░[38;5;68;48;5;0m▒[38;5;32;48;5;0m█[38;5;68;48;5;0m▓[38;5;32;48;5;0m [38;5;32;48;5;0m█[38;5;68;48;5;0m▒[38;5;68;48;5;0m▒[38;5;68;48;5;0m█[38;5;69;48;5;0m█[38;5;69;48;5;0m█[38;5;69;48;5;0m█[38;5;69;48;5;0m█[38;5;69;48;5;0m█[38;5;69;48;5;0m▀[38;5;68;48;5;0m [38;5;56;48;5;0m [38;5;164;48;5;0m.[38;5;200;48;5;0m`[38;5;7;48;5;0m 
[38;5;37;48;5;0m.[38;5;38;48;5;0m`[38;5;69;48;5;0m▌[38;5;32;48;5;0m▓[38;5;69;48;5;0m▓[38;5;69;48;5;0m▓[38;5;68;48;5;0m█[38;5;68;48;5;0m▄[38;5;68;48;5;0m▄[38;5;68;48;5;0m█[38;5;68;48;5;0m█[38;5;68;48;5;0m▒[38;5;68;48;5;0m▒[38;5;32;48;5;0m▒[38;5;32;48;5;0m▓[38;5;32;48;5;0m▀[38;5;7;48;5;0m [38;5;7;48;5;0m [38;5;32;48;5;0m█[38;5;32;48;5;0m█[38;5;32;48;5;0m▓[38;5;32;48;5;0m▓[38;5;32;48;5;0m▓[38;5;32;48;5;0m█[38;5;32;48;5;0m█[38;5;32;48;5;0m▓[38;5;32;48;5;0m▓[38;5;32;48;5;0m▓[38;5;32;48;5;0m█[38;5;32;48;5;0m [38;5;32;48;5;0m█[38;5;68;48;5;0m▓[38;5;68;48;5;0m▓[38;5;68;48;5;0m█[38;5;69;48;5;0m▀[38;5;188;48;5;0m [38;5;32;48;5;0m [38;5;32;48;5;0m▀[38;5;32;48;5;0m█[38;5;69;48;5;0m█[38;5;69;48;5;0m▄[38;5;56;48;5;0m [38;5;36;48;5;0m [38;5;36;48;5;0m.[38;5;7;48;5;0m 
[38;5;36;48;5;0m;[38;5;68;48;5;0m [38;5;69;48;5;0m▌[38;5;32;48;5;0m█[38;5;69;48;5;0m█[38;5;68;48;5;0m█[38;5;68;48;5;0m█[38;5;68;48;5;0m█[38;5;68;48;5;0m▓[38;5;68;48;5;0m▓[38;5;32;48;5;0m▓[38;5;32;48;5;0m█[38;5;32;48;5;0m█[38;5;32;48;5;0m▀[38;5;7;48;5;0m [38;5;200;48;5;0m.[38;5;200;48;5;0m`[38;5;7;48;5;0m [38;5;133;48;5;0m [38;5;32;48;5;0m▀[38;5;32;48;5;0m▀[38;5;32;48;5;0m▀[38;5;32;48;5;0m▀[38;5;32;48;5;0m [38;5;32;48;5;0m [38;5;32;48;5;0m▀[38;5;32;48;5;0m▀[38;5;32;48;5;0m▀[38;5;32;48;5;0m█[38;5;32;48;5;0m [38;5;32;48;5;0m▐[38;5;32;48;5;0m█[38;5;68;48;5;0m█[38;5;68;48;5;0m█[38;5;68;48;5;0m▒[38;5;188;48;5;0m [38;5;36;48;5;0m`[38;5;36;48;5;0m [38;5;32;48;5;0m.[38;5;32;48;5;0m▀[38;5;32;48;5;0m▀[38;5;32;48;5;0m█[38;5;32;48;5;0m▄[38;5;32;48;5;0m [38;5;32;48;5;0m 
[38;5;36;48;5;0m`[38;5;36;48;5;0m.[38;5;69;48;5;0m▌[38;5;69;48;5;0m█[38;5;68;48;5;0m▀[38;5;68;48;5;0m█[38;5;68;48;5;0m█[38;5;68;48;5;0m█[38;5;32;48;5;0m█[38;5;32;48;5;0m▀[38;5;32;48;5;0m▀[38;5;32;48;5;0m [38;5;7;48;5;0m [38;5;7;48;5;0m [38;5;169;48;5;0m [38;5;169;48;5;0m-[38;5;169;48;5;0m"[38;5;7;48;5;0m [38;5;7;48;5;0m [38;5;7;48;5;0m [38;5;7;48;5;0m [38;5;7;48;5;0m [38;5;7;48;5;0m [38;5;7;48;5;0m [38;5;7;48;5;0m [38;5;7;48;5;0m [38;5;169;48;5;0m"[38;5;169;48;5;0m-[38;5;169;48;5;0m [38;5;32;48;5;0m▀[38;5;32;48;5;0m [38;5;32;48;5;0m▀[38;5;32;48;5;0m█[38;5;32;48;5;0m█[38;5;32;48;5;0m▓[38;5;188;48;5;0m [38;5;188;48;5;0m [38;5;92;48;5;0m:[38;5;56;48;5;0m [38;5;188;48;5;0m [38;5;39;48;5;0m;[38;5;69;48;5;0m [38;5;69;48;5;0m [38;5;32;48;5;0m▀[38;5;32;48;5;0m▀
[38;5;105;48;5;0m [38;5;32;48;5;0m [38;5;32;48;5;0m▓[38;5;32;48;5;0m [38;5;32;48;5;0m▄[38;5;32;48;5;0m▀[38;5;32;48;5;0m▀[38;5;32;48;5;0m [38;5;32;48;5;0m [38;5;7;48;5;0m [38;5;128;48;5;0m.[38;5;164;48;5;0m`[38;5;7;48;5;0m [38;5;159;48;5;0m [38;5;159;48;5;0m [38;5;159;48;5;0m [38;5;197;48;5;0mD[38;5;198;48;5;0mu[38;5;199;48;5;0mr[38;5;200;48;5;0md[38;5;201;48;5;0mr[38;5;207;48;5;0ma[38;5;213;48;5;0mw[38;5;7;48;5;0m [38;5;219;48;5;0m0[38;5;225;48;5;0m.[38;5;231;48;5;0m3[38;5;195;48;5;0m0[38;5;159;48;5;0m.[38;5;123;48;5;0m0[38;5;7;48;5;0m [38;5;169;48;5;0m [38;5;32;48;5;0m [38;5;32;48;5;0m▀[38;5;32;48;5;0m█[38;5;36;48;5;0m [38;5;36;48;5;0m.[38;5;56;48;5;0m [38;5;56;48;5;0m`[38;5;56;48;5;0m.[38;5;188;48;5;0m [38;5;39;48;5;0m`[38;5;38;48;5;0m.[38;5;7;48;5;0m [38;5;7;48;5;0m 
[38;5;32;48;5;0m [38;5;32;48;5;0m▒[38;5;32;48;5;0m [38;5;32;48;5;0m▒[38;5;32;48;5;0m▒[38;5;32;48;5;0m [38;5;32;48;5;0m [38;5;56;48;5;0m.[38;5;92;48;5;0m:[38;5;128;48;5;0m`[38;5;135;48;5;0mu[38;5;135;48;5;0mt[38;5;141;48;5;0mf[38;5;141;48;5;0m-[38;5;141;48;5;0m8[38;5;147;48;5;0m,[38;5;7;48;5;0m [38;5;147;48;5;0m2[38;5;153;48;5;0m5[38;5;153;48;5;0m6[38;5;7;48;5;0m [38;5;159;48;5;0mc[38;5;159;48;5;0mo[38;5;159;48;5;0ml[38;5;159;48;5;0mo[38;5;153;48;5;0mr[38;5;153;48;5;0m,[38;5;7;48;5;0m [38;5;153;48;5;0ma[38;5;147;48;5;0mn[38;5;147;48;5;0mi[38;5;147;48;5;0mm[38;5;141;48;5;0ma[38;5;141;48;5;0mt[38;5;141;48;5;0mi[38;5;135;48;5;0mo[38;5;135;48;5;0mn[38;5;7;48;5;0m [38;5;7;48;5;0m [38;5;7;48;5;0m [38;5;55;48;5;0m;[38;5;70;48;5;0m [38;5;36;48;5;0m [38;5;37;48;5;0m:[38;5;7;48;5;0m 
[38;5;32;48;5;0m [38;5;32;48;5;0m░[38;5;32;48;5;0m [38;5;32;48;5;0m [38;5;32;48;5;0m░[38;5;32;48;5;0m░[38;5;32;48;5;0m [38;5;56;48;5;0m;[38;5;7;48;5;0m [38;5;36;48;5;0m [38;5;7;48;5;0m [38;5;7;48;5;0m [38;5;7;48;5;0m [38;5;208;48;5;0mU[38;5;209;48;5;0mN[38;5;210;48;5;0mI[38;5;211;48;5;0mX[38;5;7;48;5;0m [38;5;212;48;5;0mA[38;5;213;48;5;0mN[38;5;177;48;5;0mS[38;5;141;48;5;0mI[38;5;7;48;5;0m [38;5;105;48;5;0mA[38;5;69;48;5;0mR[38;5;33;48;5;0mT[38;5;7;48;5;0m [38;5;39;48;5;0mE[38;5;75;48;5;0mD[38;5;111;48;5;0mI[38;5;147;48;5;0mT[38;5;183;48;5;0mO[38;5;219;48;5;0mR[38;5;7;48;5;0m [38;5;7;48;5;0m [38;5;7;48;5;0m [38;5;7;48;5;0m [38;5;135;48;5;0m [38;5;62;48;5;0m-[38;5;61;48;5;0m`[38;5;55;48;5;0m [38;5;7;48;5;0m [38;5;225;48;5;0m [38;5;30;48;5;0m;[38;5;225;48;5;0m 
[0m